42,2
30,1
30,3
29,1
29,3
37,1
37,3
165,52
165,51
165,50
165,49
165,48
165,47
165,46
165,45
165,44
165,43
165,42
165,41
165,40
165,39
165,38
165,37
165,36
33,4
133,1
133,3
38,1
38,3
132,1
132,3
39,1
39,3
28,1
28,3
40,1
40,3
35,1
35,3
36,1
36,3
33,1
33,3
165,35
3,2
3,1
3,3
10,2
10,1
10,3
164,4
11,2
164,3
11,1
164,2
11,3
164,1
164,0
160,3
9,2
160,2
9,1
9,3
160,1
160,0
8,2
159,6
8,1
159,5
8,3
159,4
159,3
159,2
12,2
159,1
159,0
12,1
158,5
12,3
158,4
158,3
158,2
158,1
158,0
157,5
157,4
157,3
157,2
157,1
157,0
156,6
156,5
156,3
156,2
156,0
155,5
20,2
155,4
20,1
155,3
20,3
155,2
155,1
155,0
19,2
154,5
19,1
154,4
19,3
154,3
154,2
154,1
154,0
153,4
153,3
153,2
153,1
153,0
141,6
141,5
141,4
141,3
18,1
